<?xml version="1.0"?>
<opencv_storage>
<images type_id="opencv-matrix">
  <rows>2</rows>
  <cols>600</cols>
  <dt>f</dt>
  <data>
    0. 0. 0. 0. 0. 0. 0. 0. 213. 229. 255. 255. 213. 0. 0. 0. 0. 0. 0.
    0. 0. 0. 0. 0. 0. 0. 102. 255. 255. 255. 255. 255. 255. 255. 255. 0.
    0. 0. 0. 0. 0. 0. 0. 0. 0. 255. 255. 255. 255. 255. 255. 255. 255.
    255. 255. 255. 42. 0. 0. 0. 0. 0. 0. 0. 229. 255. 255. 255. 255.
    255. 255. 255. 255. 255. 255. 255. 255. 0. 0. 0. 0. 0. 0. 51. 255.
    255. 255. 255. 255. 128. 128. 128. 255. 255. 255. 255. 255. 255.
    128. 0. 0. 0. 0. 255. 255. 255. 255. 255. 0. 0. 0. 0. 0. 43. 255.
    255. 255. 255. 255. 170. 0. 0. 0. 255. 255. 255. 255. 255. 0. 0. 0.
    0. 0. 0. 127. 255. 255. 255. 255. 255. 0. 0. 0. 255. 255. 255. 255.
    255. 0. 0. 0. 0. 0. 0. 0. 77. 255. 255. 255. 255. 0. 0. 255. 255.
    255. 255. 255. 255. 0. 0. 0. 0. 0. 0. 0. 0. 0. 213. 221. 128. 0. 0.
    255. 255. 255. 255. 255. 0. 0. 0. 0. 0. 0. 0. 0. 0. 0. 0. 0. 0. 0.
    204. 255. 255. 255. 255. 255. 0. 0. 0. 128. 0. 0. 0. 0. 0. 0. 0. 0.
    0. 0. 204. 255. 255. 0. 238. 255. 255. 255. 255. 255. 255. 255. 212.
    25. 0. 0. 0. 0. 0. 0. 246. 255. 212. 0. 0. 212. 255. 255. 255. 255.
    255. 255. 255. 255. 85. 0. 0. 0. 0. 153. 255. 255. 102. 0. 0. 0. 0.
    255. 255. 255. 255. 255. 255. 255. 255. 153. 0. 0. 0. 153. 255. 255.
    0. 0. 42. 255. 255. 255. 255. 213. 213. 255. 255. 255. 255. 255.
    255. 0. 0. 153. 255. 255. 0. 102. 255. 255. 255. 255. 170. 0. 0. 0.
    85. 255. 255. 255. 255. 0. 0. 255. 255. 255. 26. 255. 255. 51. 0. 0.
    0. 0. 0. 0. 0. 102. 255. 255. 255. 204. 0. 238. 255. 255. 51. 255.
    255. 51. 0. 0. 0. 0. 0. 0. 0. 0. 255. 255. 255. 255. 0. 153. 255.
    255. 255. 255. 255. 8. 0. 0. 0. 0. 0. 0. 0. 0. 255. 255. 255. 255.
    128. 255. 255. 255. 255. 255. 255. 0. 0. 0. 0. 0. 0. 0. 0. 0. 255.
    255. 255. 255. 153. 128. 255. 255. 255. 255. 255. 0. 0. 0. 0. 0. 0.
    0. 0. 0. 153. 255. 255. 255. 153. 0. 255. 255. 255. 255. 255. 0. 0.
    0. 0. 0. 0. 0. 0. 0. 153. 255. 255. 255. 0. 0. 255. 255. 255. 255.
    255. 0. 0. 128. 0. 0. 0. 0. 0. 0. 153. 255. 255. 255. 0. 0. 0. 255.
    255. 255. 255. 0. 0. 0. 0. 0. 0. 0. 0. 0. 170. 255. 255. 255. 0. 0.
    0. 255. 255. 255. 255. 43. 0. 0. 0. 0. 0. 0. 0. 229. 255. 255. 255.
    34. 0. 0. 0. 0. 153. 255. 255. 255. 255. 229. 0. 0. 0. 0. 255. 255.
    255. 255. 255. 0. 0. 0. 0. 0. 0. 102. 255. 255. 255. 255. 255. 255.
    255. 255. 255. 255. 255. 255. 0. 0. 0. 0. 0. 0. 0. 0. 170. 255. 255.
    255. 255. 255. 255. 255. 255. 255. 255. 8. 0. 0. 0. 0. 0. 0. 0. 0.
    0. 0. 255. 255. 255. 255. 255. 255. 255. 204. 0. 0. 0. 0. 0. 0. 0.
    0. 0. 0. 0. 0. 0. 0. 85. 213. 255. 255. 255. 128. 0. 0. 0. 0. 0. 0.
    0. 0. 255. 255. 213. 43. 0. 0. 0. 0. 0. 0. 0. 0. 0. 0. 0. 0. 0. 0.
    0. 255. 255. 255. 255. 255. 255. 255. 255. 255. 255. 255. 255. 255.
    255. 255. 255. 102. 0. 0. 34. 255. 255. 238. 238. 255. 255. 255.
    255. 255. 255. 255. 255. 255. 255. 255. 255. 255. 0. 0. 204. 255.
    255. 0. 153. 255. 255. 255. 255. 255. 255. 255. 255. 255. 255. 255.
    255. 42. 0. 0. 204. 255. 255. 255. 255. 255. 255. 0. 0. 0. 0. 0. 0.
    0. 0. 0. 0. 0. 0. 0. 204. 255. 255. 255. 255. 213. 0. 0. 0. 0. 0. 0.
    0. 0. 0. 0. 0. 0. 0. 0. 204. 255. 255. 255. 255. 0. 0. 0. 0. 0. 0.
    0. 0. 0. 0. 0. 0. 0. 0. 153. 255. 255. 229. 255. 255. 255. 128. 128.
    128. 128. 0. 0. 0. 0. 0. 0. 0. 0. 0. 255. 255. 255. 0. 0. 238. 255.
    255. 255. 255. 255. 255. 255. 34. 0. 0. 0. 0. 0. 0. 255. 255. 255.
    0. 0. 0. 34. 42. 255. 255. 255. 255. 255. 255. 255. 85. 0. 0. 0. 0.
    255. 255. 255. 0. 0. 0. 0. 0. 128. 128. 51. 128. 255. 255. 255. 255.
    153. 0. 0. 0. 255. 255. 255. 0. 17. 170. 255. 255. 255. 255. 255.
    255. 255. 85. 255. 255. 255. 255. 0. 0. 255. 255. 255. 255. 255.
    255. 255. 255. 255. 255. 255. 255. 255. 255. 255. 255. 255. 255. 0.
    0. 204. 255. 255. 255. 255. 255. 153. 0. 0. 0. 0. 0. 255. 255. 255.
    255. 255. 255. 229. 0. 0. 0. 213. 213. 128. 0. 0. 0. 0. 0. 0. 0. 0.
    255. 255. 255. 255. 255. 255. 0. 0. 0. 0. 0. 0. 0. 0. 0. 0. 0. 0. 0.
    0. 85. 255. 255. 255. 255. 255. 0. 0. 0. 0. 0. 0. 0. 0. 0. 0. 0. 0.
    0. 0. 0. 255. 255. 255. 255. 255. 255. 0. 0. 0. 0. 0. 0. 0. 0. 0. 0.
    0. 0. 0. 0. 0. 255. 255. 255. 255. 0. 0. 0. 0. 0. 0. 0. 0. 0. 0. 0.
    0. 0. 0. 0. 0. 255. 255. 255. 255. 0. 0. 0. 0. 0. 0. 0. 0. 0. 0. 0.
    0. 0. 0. 0. 0. 0. 255. 255. 255. 153. 0. 0. 0. 0. 0. 0. 0. 0. 0. 0.
    0. 0. 0. 0. 17. 42. 255. 255. 255. 255. 0. 0. 0. 0. 0. 0. 0. 0. 0.
    0. 0. 0. 0. 0. 102. 255. 255. 255. 255. 255. 0. 0. 0. 0. 0. 0. 0. 0.
    0. 0. 0. 0. 0. 0. 178. 255. 255. 255. 255. 204. 0. 212. 255. 212. 0.
    0. 0. 0. 0. 0. 0. 0. 0. 51. 255. 255. 255. 255. 255. 0. 0. 255. 255.
    255. 238. 0. 0. 0. 0. 0. 0. 0. 0. 255. 255. 255. 255. 255. 212. 0.
    0. 204. 255. 255. 255. 255. 128. 128. 102. 0. 0. 0. 0. 255. 255.
    255. 255. 255. 0. 0. 0. 170. 255. 255. 255. 255. 255. 255. 255. 255.
    255. 255. 255. 255. 255. 255. 255. 0. 0. 0. 0. 0. 42. 255. 255. 255.
    255. 255. 255. 255. 255. 255. 255. 255. 255. 255. 255. 0. 0. 0. 0.
    0. 0. 0. 0. 204. 255. 255. 255. 255. 255. 255. 255. 255. 255. 128.
    0. 0. 0. 0. 0. 0. 0. 0. 0. 0. 170. 213. 213. 213. 213. 213. 255.
    246. 0. 0. 0. 0. 0. 0.</data></images>
</opencv_storage>
