%YAML:1.0
images: !!opencv-matrix
   rows: 7
   cols: 600
   dt: f
   data: [ 0., 0., 0., 0., 0., 0., 0., 0., 0., 0., 0., 0., 0., 0., 0.,
       147., 198., 32., 0., 0., 0., 0., 0., 0., 0., 0., 0., 0., 0., 0.,
       54., 162., 166., 166., 166., 217., 235., 177., 166., 166., 0., 0.,
       13., 82., 106., 106., 106., 106., 106., 106., 154., 251., 255.,
       255., 255., 255., 255., 255., 255., 255., 0., 0., 32., 197., 255.,
       255., 255., 255., 255., 255., 255., 255., 255., 255., 255., 255.,
       255., 255., 230., 208., 0., 0., 32., 198., 255., 255., 255., 255.,
       255., 255., 255., 255., 255., 255., 255., 255., 255., 255., 128.,
       13., 0., 0., 32., 197., 255., 255., 255., 255., 255., 255., 255.,
       255., 255., 255., 255., 255., 255., 255., 121., 0., 0., 0., 32.,
       198., 255., 255., 255., 209., 132., 132., 132., 132., 132., 132.,
       132., 132., 132., 132., 63., 0., 0., 0., 32., 197., 255., 255.,
       255., 159., 0., 0., 0., 0., 0., 0., 0., 0., 0., 0., 0., 0., 0.,
       0., 32., 198., 255., 255., 255., 159., 0., 0., 0., 0., 0., 0., 0.,
       0., 0., 0., 0., 0., 0., 0., 32., 198., 255., 255., 255., 159., 0.,
       0., 0., 0., 0., 0., 0., 0., 0., 0., 0., 0., 0., 0., 32., 197.,
       255., 255., 255., 212., 140., 140., 140., 140., 140., 140., 140.,
       60., 0., 0., 0., 0., 0., 0., 32., 197., 255., 255., 255., 255.,
       255., 255., 255., 255., 255., 255., 255., 155., 63., 10., 0., 0.,
       0., 0., 32., 197., 255., 255., 255., 255., 255., 255., 255., 255.,
       255., 255., 255., 255., 202., 50., 10., 0., 0., 0., 32., 197.,
       255., 255., 255., 255., 255., 255., 255., 255., 255., 255., 255.,
       255., 246., 222., 103., 0., 0., 75., 169., 233., 255., 255., 255.,
       255., 255., 255., 255., 255., 255., 255., 255., 255., 255., 255.,
       121., 0., 0., 75., 169., 233., 255., 255., 255., 218., 157., 157.,
       157., 157., 218., 255., 255., 255., 255., 255., 121., 0., 0., 0.,
       27., 168., 217., 217., 217., 135., 0., 0., 0., 0., 135., 227.,
       252., 255., 255., 255., 121., 0., 0., 0., 3., 16., 21., 21., 21.,
       13., 0., 0., 0., 0., 13., 85., 237., 255., 255., 255., 121., 0.,
       0., 0., 0., 0., 0., 0., 0., 0., 0., 0., 0., 0., 0., 70., 236.,
       255., 255., 255., 121., 0., 0., 0., 0., 0., 0., 0., 0., 0., 0.,
       0., 0., 0., 0., 70., 236., 255., 255., 255., 121., 0., 0., 0., 0.,
       0., 0., 0., 0., 0., 0., 0., 0., 0., 0., 70., 236., 255., 255.,
       255., 121., 0., 0., 0., 0., 0., 0., 0., 0., 0., 0., 0., 0., 0.,
       0., 70., 236., 255., 255., 255., 121., 0., 0., 0., 0., 0., 0., 0.,
       0., 0., 0., 0., 0., 0., 120., 209., 250., 255., 255., 255., 121.,
       0., 0., 63., 132., 132., 132., 122., 36., 0., 0., 0., 0., 0.,
       159., 255., 255., 255., 255., 255., 121., 0., 0., 121., 255.,
       255., 255., 241., 122., 72., 72., 72., 72., 72., 186., 255., 255.,
       255., 255., 255., 121., 0., 13., 128., 255., 255., 255., 255.,
       255., 255., 255., 255., 255., 255., 255., 255., 255., 255., 255.,
       255., 121., 0., 208., 230., 255., 255., 255., 255., 255., 255.,
       255., 255., 255., 255., 255., 255., 255., 255., 255., 255., 121.,
       0., 255., 255., 255., 255., 255., 255., 255., 255., 255., 255.,
       255., 255., 255., 255., 255., 255., 221., 125., 50., 0., 166.,
       208., 255., 255., 255., 255., 255., 255., 255., 255., 255., 255.,
       255., 255., 255., 203., 128., 21., 0., 0., 0., 121., 255., 255.,
       255., 255., 255., 255., 255., 255., 255., 255., 255., 255., 255.,
       108., 0., 0., 0., 0., 0., 0., 0., 153., 255., 255., 255., 255.,
       255., 255., 255., 255., 255., 255., 255., 255., 255., 255., 102.,
       0., 0., 0., 0., 153., 255., 255., 255., 255., 255., 255., 255.,
       255., 255., 255., 255., 255., 255., 255., 186., 140., 0., 25.,
       64., 179., 255., 255., 255., 255., 255., 255., 255., 255., 255.,
       255., 255., 255., 255., 255., 255., 255., 0., 97., 242., 250.,
       255., 255., 255., 255., 255., 255., 255., 255., 255., 255., 255.,
       255., 255., 255., 255., 255., 0., 102., 255., 255., 255., 255.,
       255., 255., 255., 255., 255., 255., 255., 255., 255., 255., 255.,
       255., 255., 255., 0., 102., 255., 255., 255., 255., 255., 255.,
       201., 166., 166., 166., 166., 166., 183., 237., 255., 255., 255.,
       255., 0., 102., 255., 255., 255., 255., 250., 242., 97., 0., 0.,
       0., 0., 0., 51., 204., 255., 255., 255., 255., 0., 102., 255.,
       255., 255., 255., 179., 64., 25., 0., 0., 0., 0., 0., 51., 204.,
       255., 255., 255., 255., 0., 102., 255., 255., 255., 255., 153.,
       0., 0., 0., 0., 0., 0., 0., 51., 204., 255., 255., 255., 255., 0.,
       102., 255., 255., 255., 255., 153., 0., 0., 0., 0., 0., 0., 0.,
       51., 204., 255., 255., 255., 255., 0., 102., 255., 255., 255.,
       255., 153., 0., 0., 0., 0., 0., 0., 0., 51., 204., 255., 255.,
       255., 255., 0., 102., 255., 255., 255., 255., 153., 0., 0., 0.,
       0., 0., 0., 0., 51., 204., 255., 255., 255., 255., 0., 102., 255.,
       255., 255., 255., 179., 64., 25., 0., 0., 0., 0., 38., 102., 217.,
       255., 255., 255., 255., 0., 102., 255., 255., 255., 255., 250.,
       242., 97., 0., 0., 0., 0., 145., 245., 252., 255., 255., 255.,
       255., 0., 102., 255., 255., 255., 255., 255., 255., 201., 166.,
       166., 166., 166., 219., 255., 255., 255., 255., 255., 255., 0.,
       102., 255., 255., 255., 255., 255., 255., 255., 255., 255., 255.,
       255., 255., 255., 255., 255., 255., 255., 255., 0., 97., 242.,
       250., 255., 255., 255., 255., 255., 255., 255., 255., 255., 255.,
       255., 255., 255., 255., 255., 255., 0., 25., 64., 179., 255.,
       255., 255., 255., 255., 255., 255., 255., 255., 255., 255., 255.,
       255., 255., 255., 255., 0., 0., 0., 84., 140., 140., 140., 140.,
       140., 140., 140., 140., 140., 209., 255., 255., 255., 255., 186.,
       140., 0., 0., 0., 0., 0., 0., 0., 0., 0., 0., 0., 0., 0., 130.,
       224., 247., 255., 255., 102., 0., 0., 0., 0., 0., 0., 0., 0., 0.,
       0., 0., 0., 0., 0., 23., 81., 211., 255., 255., 102., 0., 0., 0.,
       0., 0., 0., 0., 0., 0., 0., 0., 0., 0., 0., 0., 51., 204., 255.,
       255., 102., 0., 64., 64., 64., 64., 64., 64., 38., 0., 0., 0., 0.,
       0., 0., 38., 102., 217., 255., 255., 102., 0., 242., 242., 242.,
       242., 242., 242., 145., 0., 0., 0., 0., 0., 0., 145., 245., 252.,
       255., 255., 102., 0., 255., 255., 255., 255., 255., 255., 219.,
       166., 166., 166., 166., 166., 166., 219., 255., 255., 255., 255.,
       102., 0., 255., 255., 255., 255., 255., 255., 255., 255., 255.,
       255., 255., 255., 255., 255., 255., 255., 255., 255., 102., 0.,
       255., 255., 255., 255., 255., 255., 255., 255., 255., 255., 255.,
       255., 255., 255., 255., 255., 255., 255., 102., 0., 255., 255.,
       255., 255., 255., 255., 255., 255., 255., 255., 255., 255., 255.,
       255., 255., 255., 255., 255., 102., 0., 140., 186., 255., 255.,
       255., 255., 255., 255., 255., 255., 255., 255., 255., 255., 255.,
       255., 209., 140., 56., 0., 0., 102., 255., 255., 255., 255., 255.,
       255., 255., 255., 255., 255., 255., 255., 255., 255., 153., 0.,
       0., 0., 0., 0., 0., 0., 0., 0., 0., 0., 0., 0., 96., 255., 255.,
       255., 255., 255., 255., 255., 159., 0., 0., 88., 140., 140., 140.,
       140., 140., 140., 140., 140., 183., 255., 255., 255., 255., 255.,
       255., 255., 212., 140., 0., 159., 255., 255., 255., 255., 255.,
       255., 255., 255., 255., 255., 255., 255., 255., 255., 255., 255.,
       255., 255., 0., 159., 255., 255., 255., 255., 255., 255., 255.,
       255., 255., 255., 255., 255., 255., 255., 255., 255., 255., 255.,
       0., 159., 255., 255., 255., 255., 255., 255., 255., 255., 255.,
       255., 255., 255., 255., 255., 255., 151., 89., 89., 0., 159.,
       255., 255., 255., 255., 221., 166., 166., 166., 166., 166., 166.,
       166., 166., 166., 166., 62., 0., 0., 0., 159., 255., 255., 255.,
