<?xml version="1.0"?>
<opencv_storage>
<classifications type_id="opencv-matrix">
  <rows>37</rows>
  <cols>1</cols>
  <dt>i</dt>
  <data>
    49 50 52 49 48 55 48 49 50 50 49 49 48 50 48 51 55 49 54 52 49 48 49
    49 53 54 55 56 48 49 48 48 51 55 49 48 51</data></classifications>
</opencv_storage>
