<?xml version="1.0"?>
<opencv_storage>
<classifications type_id="opencv-matrix">
  <rows>75</rows>
  <cols>1</cols>
  <dt>i</dt>
  <data>
    49 52 49 55 48 54 55 54 49 65 49 50 49 52 49 48 55 48 55 50 65 52 53
    53 50 48 52 65 55 49 50 49 49 48 50 48 51 55 65 54 49 53 49 51 48 53
    52 49 55 65 52 49 48 49 49 53 54 55 65 56 48 65 49 65 48 48 51 55 49
    48 51 65 65 65 65</data></classifications>
</opencv_storage>
